!Questo file di prova è stato gentilmente offerto da un generatore casuale
n:		30
T:		12
R:		139
A:		0.06
forecast:	[37	123	91	22	83	19	54	73	47	31	97	19	64	55	80	37	80	102	25	44	31	66	79	36	104	33	57	71	69	84	]
kore:		[177	120	190	97	154	80	140	118	177	75	56	191	193	139	65	187	78	54	109	182	183	176	152	151	146	97	152	131	50	193	]
V:		[3	10	8	2	7	2	4	6	4	3	8	2	5	5	7	3	7	8	2	4	3	6	7	3	9	3	5	6	6	7	]
Rn:		[7	13	15	3	14	2	7	9	9	3	6	5	11	9	6	7	7	5	3	10	7	12	14	6	15	4	10	10	4	14	]
Giorni:		[16	19	23	20	22	19	21	8	22	21	21	16]
