!Questo file di prova è stato gentilmente offerto da un generatore casuale
n:		50
T:		12
R:		303
A:		0.06
forecast:	[36	66	73	59	56	16	112	37	88	110	116	64	16	90	59	50	35	93	47	44	123	71	16	32	32	90	43	115	63	85	84	115	84	28	81	88	78	60	20	17	97	42	26	124	75	30	32	49	70	27	]
kore:		[155	74	76	120	69	104	148	182	151	160	52	108	54	134	145	83	123	153	58	127	50	95	136	160	59	72	85	159	145	198	146	198	56	53	106	61	193	84	155	172	52	71	192	61	98	89	192	189	127	67	]
V:		[3	6	6	5	5	1	9	3	7	9	10	5	1	8	5	4	3	8	4	4	10	6	1	3	3	8	4	10	5	7	7	10	7	2	7	7	6	5	2	1	8	4	2	10	6	2	3	4	6	2	]
Rn:		[6	6	6	8	5	2	17	7	14	18	7	7	1	14	10	5	5	16	3	7	7	8	2	6	3	8	5	20	10	18	13	25	5	2	10	6	15	6	4	3	6	4	5	8	8	3	8	10	10	2	]
Giorni:		[16	19	23	20	22	19	21	8	22	21	21	16]
