!Questo file di prova è stato gentilmente offerto da un generatore casuale
n:		40
T:		12
R:		211
A:		0.06
forecast:	[45	106	104	108	39	76	109	106	119	65	91	124	69	76	56	55	93	51	99	70	48	30	21	41	64	36	103	48	51	17	125	38	86	102	18	70	90	99	32	91	]
kore:		[158	125	58	169	177	147	150	195	92	122	82	65	145	199	114	164	83	143	69	82	93	77	190	160	69	92	169	139	52	87	176	145	60	131	162	198	85	158	162	161	]
V:		[4	9	9	9	3	6	9	9	10	5	8	10	6	6	5	5	8	4	8	6	3	2	2	3	5	3	9	4	4	1	10	3	7	8	2	4	6	6	2	6	]
Rn:		[6	9	7	13	7	11	14	13	12	8	7	9	11	13	8	11	9	6	7	6	5	2	5	6	5	4	15	7	3	2	14	6	6	9	5	15	9	14	7	15	]
Giorni:		[16	19	23	20	22	19	21	8	22	21	21	16]
